0
3
7
11
15
19
23
27
31
35
38
41
45
48
51
55
58
61
65
67
71
73
77
79
82
85
87
90
93
95
98
100
103
105
107
109
111
114
116
118
121
123
125
127
129
131
133
135
136
138
140
142
143
145
147
149
150
151
153
155
156
158
159
161
162
164
165
166
168
169
170
171
173
174
175
177
178
179
180
181
182
183
184
185
186
187
188
189
190
192
193
194
195
195
196
197
198
199
199
200
201
202
203
203
204
205
206
206
207
208
208
209
210
210
211
211
212
213
213
214
214
215
215
216
217
217
218
218
219
219
220
220
221
221
221
222
222
223
223
223
224
224
225
225
226
226
226
227
227
227
228
228
228
229
229
229
230
230
230
231
231
231
231
232
232
232
233
233
233
233
234
234
234
234
234
235
235
235
235
236
236
236
236
236
237
237
237
237
237
238
238
238
238
238
239
239
239
239
239
239
239
240
236
232
228
224
221
217
214
210
208
204
200
197
194
192
188
184
182
179
176
173
170
168
165
162
160
157
155
152
150
148
145
144
141
139
136
134
132
130
128
126
124
122
120
118
116
115
113
112
109
108
106
104
103
101
100
98
96
95
93
92
90
89
88
86
85
84
82
81
80
79
77
76
75
74
73
72
70
70
68
67
66
65
64
64
62
61
60
59
58
57
56
55
54
54
53
52
51
50
50
49
48
48
47
46
45
44
44
43
42
42
41
40
40
39
39
38
37
37
36
36
35
35
34
34
33
32
32
32
31
30
30
29
29
29
28
28
27
27